{
 "cells": [
  {
   "cell_type": "code",
   "execution_count": null,
   "id": "a7ac3d2c-4228-4e0b-95db-c538a6f66f73",
   "metadata": {},
   "outputs": [],
   "source": [
    "import pandas as pd\n",
    "import seaborn as sns"
   ]
  },
  {
   "cell_type": "code",
   "execution_count": 36,
   "id": "8af89ec3-c794-49f0-baef-5993d3faa1c6",
   "metadata": {},
   "outputs": [
    {
     "data": {
      "text/html": [
       "<div>\n",
       "<style scoped>\n",
       "    .dataframe tbody tr th:only-of-type {\n",
       "        vertical-align: middle;\n",
       "    }\n",
       "\n",
       "    .dataframe tbody tr th {\n",
       "        vertical-align: top;\n",
       "    }\n",
       "\n",
       "    .dataframe thead th {\n",
       "        text-align: right;\n",
       "    }\n",
       "</style>\n",
       "<table border=\"1\" class=\"dataframe\">\n",
       "  <thead>\n",
       "    <tr style=\"text-align: right;\">\n",
       "      <th></th>\n",
       "      <th>pos</th>\n",
       "      <th>flw</th>\n",
       "      <th>flg</th>\n",
       "      <th>bl</th>\n",
       "      <th>pic</th>\n",
       "      <th>lin</th>\n",
       "      <th>cl</th>\n",
       "      <th>cz</th>\n",
       "      <th>ni</th>\n",
       "      <th>erl</th>\n",
       "      <th>erc</th>\n",
       "      <th>lt</th>\n",
       "      <th>hc</th>\n",
       "      <th>pr</th>\n",
       "      <th>fo</th>\n",
       "      <th>cs</th>\n",
       "      <th>pi</th>\n",
       "      <th>class</th>\n",
       "    </tr>\n",
       "  </thead>\n",
       "  <tbody>\n",
       "    <tr>\n",
       "      <th>0</th>\n",
       "      <td>44</td>\n",
       "      <td>48</td>\n",
       "      <td>325</td>\n",
       "      <td>33</td>\n",
       "      <td>1</td>\n",
       "      <td>0</td>\n",
       "      <td>12</td>\n",
       "      <td>0.0</td>\n",
       "      <td>0.0</td>\n",
       "      <td>0.00</td>\n",
       "      <td>0.00</td>\n",
       "      <td>0.000</td>\n",
       "      <td>0.0</td>\n",
       "      <td>0.0</td>\n",
       "      <td>0.000</td>\n",
       "      <td>0.111111</td>\n",
       "      <td>0.094985</td>\n",
       "      <td>f</td>\n",
       "    </tr>\n",
       "    <tr>\n",
       "      <th>1</th>\n",
       "      <td>10</td>\n",
       "      <td>66</td>\n",
       "      <td>321</td>\n",
       "      <td>150</td>\n",
       "      <td>1</td>\n",
       "      <td>0</td>\n",
       "      <td>213</td>\n",
       "      <td>0.0</td>\n",
       "      <td>1.0</td>\n",
       "      <td>14.39</td>\n",
       "      <td>1.97</td>\n",
       "      <td>0.000</td>\n",
       "      <td>1.5</td>\n",
       "      <td>0.0</td>\n",
       "      <td>0.000</td>\n",
       "      <td>0.206826</td>\n",
       "      <td>230.412857</td>\n",
       "      <td>f</td>\n",
       "    </tr>\n",
       "    <tr>\n",
       "      <th>2</th>\n",
       "      <td>33</td>\n",
       "      <td>970</td>\n",
       "      <td>308</td>\n",
       "      <td>101</td>\n",
       "      <td>1</td>\n",
       "      <td>1</td>\n",
       "      <td>436</td>\n",
       "      <td>0.0</td>\n",
       "      <td>1.0</td>\n",
       "      <td>10.10</td>\n",
       "      <td>0.30</td>\n",
       "      <td>0.000</td>\n",
       "      <td>2.5</td>\n",
       "      <td>0.0</td>\n",
       "      <td>0.056</td>\n",
       "      <td>0.572174</td>\n",
       "      <td>43.569939</td>\n",
       "      <td>f</td>\n",
       "    </tr>\n",
       "    <tr>\n",
       "      <th>3</th>\n",
       "      <td>70</td>\n",
       "      <td>86</td>\n",
       "      <td>360</td>\n",
       "      <td>14</td>\n",
       "      <td>1</td>\n",
       "      <td>0</td>\n",
       "      <td>0</td>\n",
       "      <td>1.0</td>\n",
       "      <td>0.0</td>\n",
       "      <td>0.78</td>\n",
       "      <td>0.06</td>\n",
       "      <td>0.000</td>\n",
       "      <td>0.0</td>\n",
       "      <td>0.0</td>\n",
       "      <td>0.000</td>\n",
       "      <td>1.000000</td>\n",
       "      <td>5.859799</td>\n",
       "      <td>f</td>\n",
       "    </tr>\n",
       "    <tr>\n",
       "      <th>4</th>\n",
       "      <td>3</td>\n",
       "      <td>21</td>\n",
       "      <td>285</td>\n",
       "      <td>73</td>\n",
       "      <td>1</td>\n",
       "      <td>0</td>\n",
       "      <td>93</td>\n",
       "      <td>0.0</td>\n",
       "      <td>0.0</td>\n",
       "      <td>14.29</td>\n",
       "      <td>0.00</td>\n",
       "      <td>0.667</td>\n",
       "      <td>0.0</td>\n",
       "      <td>0.0</td>\n",
       "      <td>0.000</td>\n",
       "      <td>0.300494</td>\n",
       "      <td>0.126019</td>\n",
       "      <td>f</td>\n",
       "    </tr>\n",
       "  </tbody>\n",
       "</table>\n",
       "</div>"
      ],
      "text/plain": [
       "   pos  flw  flg   bl  pic  lin   cl   cz   ni    erl   erc     lt   hc   pr  \\\n",
       "0   44   48  325   33    1    0   12  0.0  0.0   0.00  0.00  0.000  0.0  0.0   \n",
       "1   10   66  321  150    1    0  213  0.0  1.0  14.39  1.97  0.000  1.5  0.0   \n",
       "2   33  970  308  101    1    1  436  0.0  1.0  10.10  0.30  0.000  2.5  0.0   \n",
       "3   70   86  360   14    1    0    0  1.0  0.0   0.78  0.06  0.000  0.0  0.0   \n",
       "4    3   21  285   73    1    0   93  0.0  0.0  14.29  0.00  0.667  0.0  0.0   \n",
       "\n",
       "      fo        cs          pi class  \n",
       "0  0.000  0.111111    0.094985     f  \n",
       "1  0.000  0.206826  230.412857     f  \n",
       "2  0.056  0.572174   43.569939     f  \n",
       "3  0.000  1.000000    5.859799     f  \n",
       "4  0.000  0.300494    0.126019     f  "
      ]
     },
     "metadata": {},
     "output_type": "display_data"
    }
   ],
   "source": [
    "#https://www.kaggle.com/datasets/krpurba/fakeauthentic-user-instagram\n",
    "df = pd.read_csv(\"user_fake_authentic_2class.csv\")\n",
    "display(df.head())"
   ]
  },
  {
   "cell_type": "code",
   "execution_count": 22,
   "id": "6cd2265d-ad91-4450-9bd9-a08534c84f46",
   "metadata": {},
   "outputs": [
    {
     "data": {
      "text/html": [
       "<div>\n",
       "<style scoped>\n",
       "    .dataframe tbody tr th:only-of-type {\n",
       "        vertical-align: middle;\n",
       "    }\n",
       "\n",
       "    .dataframe tbody tr th {\n",
       "        vertical-align: top;\n",
       "    }\n",
       "\n",
       "    .dataframe thead th {\n",
       "        text-align: right;\n",
       "    }\n",
       "</style>\n",
       "<table border=\"1\" class=\"dataframe\">\n",
       "  <thead>\n",
       "    <tr style=\"text-align: right;\">\n",
       "      <th></th>\n",
       "      <th>pos</th>\n",
       "      <th>flw</th>\n",
       "      <th>flg</th>\n",
       "      <th>bl</th>\n",
       "      <th>pic</th>\n",
       "      <th>lin</th>\n",
       "      <th>cl</th>\n",
       "      <th>cz</th>\n",
       "      <th>ni</th>\n",
       "      <th>erl</th>\n",
       "      <th>erc</th>\n",
       "      <th>lt</th>\n",
       "      <th>hc</th>\n",
       "      <th>pr</th>\n",
       "      <th>fo</th>\n",
       "      <th>cs</th>\n",
       "      <th>pi</th>\n",
       "    </tr>\n",
       "  </thead>\n",
       "  <tbody>\n",
       "    <tr>\n",
       "      <th>count</th>\n",
       "      <td>65326.000000</td>\n",
       "      <td>6.532600e+04</td>\n",
       "      <td>65326.000000</td>\n",
       "      <td>65326.000000</td>\n",
       "      <td>65326.000000</td>\n",
       "      <td>65326.000000</td>\n",
       "      <td>65326.000000</td>\n",
       "      <td>65326.000000</td>\n",
       "      <td>65326.000000</td>\n",
       "      <td>65326.000000</td>\n",
       "      <td>65326.000000</td>\n",
       "      <td>65326.000000</td>\n",
       "      <td>65326.000000</td>\n",
       "      <td>65326.000000</td>\n",
       "      <td>65326.000000</td>\n",
       "      <td>65326.000000</td>\n",
       "      <td>65326.000000</td>\n",
       "    </tr>\n",
       "    <tr>\n",
       "      <th>mean</th>\n",
       "      <td>176.571227</td>\n",
       "      <td>1.183077e+03</td>\n",
       "      <td>2310.519211</td>\n",
       "      <td>57.497061</td>\n",
       "      <td>0.951765</td>\n",
       "      <td>0.281925</td>\n",
       "      <td>136.520344</td>\n",
       "      <td>0.250012</td>\n",
       "      <td>0.193229</td>\n",
       "      <td>19.146641</td>\n",
       "      <td>1.139421</td>\n",
       "      <td>0.208877</td>\n",
       "      <td>0.507796</td>\n",
       "      <td>0.032745</td>\n",
       "      <td>0.052837</td>\n",
       "      <td>0.299098</td>\n",
       "      <td>496.475193</td>\n",
       "    </tr>\n",
       "    <tr>\n",
       "      <th>std</th>\n",
       "      <td>723.470655</td>\n",
       "      <td>2.170802e+04</td>\n",
       "      <td>2592.096104</td>\n",
       "      <td>64.129260</td>\n",
       "      <td>0.214264</td>\n",
       "      <td>0.449940</td>\n",
       "      <td>215.714486</td>\n",
       "      <td>0.337891</td>\n",
       "      <td>0.252939</td>\n",
       "      <td>121.047570</td>\n",
       "      <td>5.810627</td>\n",
       "      <td>0.300362</td>\n",
       "      <td>1.156921</td>\n",
       "      <td>0.220987</td>\n",
       "      <td>0.519058</td>\n",
       "      <td>0.349604</td>\n",
       "      <td>944.905389</td>\n",
       "    </tr>\n",
       "    <tr>\n",
       "      <th>min</th>\n",
       "      <td>0.000000</td>\n",
       "      <td>0.000000e+00</td>\n",
       "      <td>0.000000</td>\n",
       "      <td>0.000000</td>\n",
       "      <td>0.000000</td>\n",
       "      <td>0.000000</td>\n",
       "      <td>-1.000000</td>\n",
       "      <td>0.000000</td>\n",
       "      <td>0.000000</td>\n",
       "      <td>0.000000</td>\n",
       "      <td>0.000000</td>\n",
       "      <td>0.000000</td>\n",
       "      <td>0.000000</td>\n",
       "      <td>0.000000</td>\n",
       "      <td>0.000000</td>\n",
       "      <td>0.000000</td>\n",
       "      <td>0.000000</td>\n",
       "    </tr>\n",
       "    <tr>\n",
       "      <th>25%</th>\n",
       "      <td>6.000000</td>\n",
       "      <td>1.230000e+02</td>\n",
       "      <td>394.000000</td>\n",
       "      <td>0.000000</td>\n",
       "      <td>1.000000</td>\n",
       "      <td>0.000000</td>\n",
       "      <td>8.000000</td>\n",
       "      <td>0.000000</td>\n",
       "      <td>0.000000</td>\n",
       "      <td>2.730000</td>\n",
       "      <td>0.080000</td>\n",
       "      <td>0.000000</td>\n",
       "      <td>0.000000</td>\n",
       "      <td>0.000000</td>\n",
       "      <td>0.000000</td>\n",
       "      <td>0.033327</td>\n",
       "      <td>24.571458</td>\n",
       "    </tr>\n",
       "    <tr>\n",
       "      <th>50%</th>\n",
       "      <td>30.000000</td>\n",
       "      <td>3.380000e+02</td>\n",
       "      <td>995.000000</td>\n",
       "      <td>32.000000</td>\n",
       "      <td>1.000000</td>\n",
       "      <td>0.000000</td>\n",
       "      <td>46.000000</td>\n",
       "      <td>0.055556</td>\n",
       "      <td>0.059000</td>\n",
       "      <td>9.450000</td>\n",
       "      <td>0.440000</td>\n",
       "      <td>0.000000</td>\n",
       "      <td>0.077000</td>\n",
       "      <td>0.000000</td>\n",
       "      <td>0.000000</td>\n",
       "      <td>0.136915</td>\n",
       "      <td>183.227943</td>\n",
       "    </tr>\n",
       "    <tr>\n",
       "      <th>75%</th>\n",
       "      <td>124.000000</td>\n",
       "      <td>8.170000e+02</td>\n",
       "      <td>3600.000000</td>\n",
       "      <td>110.000000</td>\n",
       "      <td>1.000000</td>\n",
       "      <td>1.000000</td>\n",
       "      <td>170.000000</td>\n",
       "      <td>0.444444</td>\n",
       "      <td>0.333000</td>\n",
       "      <td>18.680000</td>\n",
       "      <td>1.040000</td>\n",
       "      <td>0.333000</td>\n",
       "      <td>0.611000</td>\n",
       "      <td>0.000000</td>\n",
       "      <td>0.000000</td>\n",
       "      <td>0.456342</td>\n",
       "      <td>580.771927</td>\n",
       "    </tr>\n",
       "    <tr>\n",
       "      <th>max</th>\n",
       "      <td>76200.000000</td>\n",
       "      <td>3.900000e+06</td>\n",
       "      <td>8800.000000</td>\n",
       "      <td>555.000000</td>\n",
       "      <td>1.000000</td>\n",
       "      <td>1.000000</td>\n",
       "      <td>3644.000000</td>\n",
       "      <td>1.000000</td>\n",
       "      <td>1.000000</td>\n",
       "      <td>26650.000000</td>\n",
       "      <td>1009.090027</td>\n",
       "      <td>1.000000</td>\n",
       "      <td>30.000000</td>\n",
       "      <td>20.000000</td>\n",
       "      <td>58.000000</td>\n",
       "      <td>1.000000</td>\n",
       "      <td>26786.134766</td>\n",
       "    </tr>\n",
       "  </tbody>\n",
       "</table>\n",
       "</div>"
      ],
      "text/plain": [
       "                pos           flw           flg            bl           pic  \\\n",
       "count  65326.000000  6.532600e+04  65326.000000  65326.000000  65326.000000   \n",
       "mean     176.571227  1.183077e+03   2310.519211     57.497061      0.951765   \n",
       "std      723.470655  2.170802e+04   2592.096104     64.129260      0.214264   \n",
       "min        0.000000  0.000000e+00      0.000000      0.000000      0.000000   \n",
       "25%        6.000000  1.230000e+02    394.000000      0.000000      1.000000   \n",
       "50%       30.000000  3.380000e+02    995.000000     32.000000      1.000000   \n",
       "75%      124.000000  8.170000e+02   3600.000000    110.000000      1.000000   \n",
       "max    76200.000000  3.900000e+06   8800.000000    555.000000      1.000000   \n",
       "\n",
       "                lin            cl            cz            ni           erl  \\\n",
       "count  65326.000000  65326.000000  65326.000000  65326.000000  65326.000000   \n",
       "mean       0.281925    136.520344      0.250012      0.193229     19.146641   \n",
       "std        0.449940    215.714486      0.337891      0.252939    121.047570   \n",
       "min        0.000000     -1.000000      0.000000      0.000000      0.000000   \n",
       "25%        0.000000      8.000000      0.000000      0.000000      2.730000   \n",
       "50%        0.000000     46.000000      0.055556      0.059000      9.450000   \n",
       "75%        1.000000    170.000000      0.444444      0.333000     18.680000   \n",
       "max        1.000000   3644.000000      1.000000      1.000000  26650.000000   \n",
       "\n",
       "                erc            lt            hc            pr            fo  \\\n",
       "count  65326.000000  65326.000000  65326.000000  65326.000000  65326.000000   \n",
       "mean       1.139421      0.208877      0.507796      0.032745      0.052837   \n",
       "std        5.810627      0.300362      1.156921      0.220987      0.519058   \n",
       "min        0.000000      0.000000      0.000000      0.000000      0.000000   \n",
       "25%        0.080000      0.000000      0.000000      0.000000      0.000000   \n",
       "50%        0.440000      0.000000      0.077000      0.000000      0.000000   \n",
       "75%        1.040000      0.333000      0.611000      0.000000      0.000000   \n",
       "max     1009.090027      1.000000     30.000000     20.000000     58.000000   \n",
       "\n",
       "                 cs            pi  \n",
       "count  65326.000000  65326.000000  \n",
       "mean       0.299098    496.475193  \n",
       "std        0.349604    944.905389  \n",
       "min        0.000000      0.000000  \n",
       "25%        0.033327     24.571458  \n",
       "50%        0.136915    183.227943  \n",
       "75%        0.456342    580.771927  \n",
       "max        1.000000  26786.134766  "
      ]
     },
     "metadata": {},
     "output_type": "display_data"
    }
   ],
   "source": [
    "#descriptive statistics (min, max, avg, std ...)\n",
    "display(df.describe())"
   ]
  },
  {
   "cell_type": "code",
   "execution_count": 23,
   "id": "5580b946-4d5d-4c99-b928-446a23470ae0",
   "metadata": {},
   "outputs": [
    {
     "name": "stderr",
     "output_type": "stream",
     "text": [
      "C:\\Users\\krist\\AppData\\Local\\Temp\\ipykernel_20628\\1562569384.py:2: FutureWarning: The default value of numeric_only in DataFrame.corr is deprecated. In a future version, it will default to False. Select only valid columns or specify the value of numeric_only to silence this warning.\n",
      "  display(df.corr())\n"
     ]
    },
    {
     "data": {
      "text/html": [
       "<div>\n",
       "<style scoped>\n",
       "    .dataframe tbody tr th:only-of-type {\n",
       "        vertical-align: middle;\n",
       "    }\n",
       "\n",
       "    .dataframe tbody tr th {\n",
       "        vertical-align: top;\n",
       "    }\n",
       "\n",
       "    .dataframe thead th {\n",
       "        text-align: right;\n",
       "    }\n",
       "</style>\n",
       "<table border=\"1\" class=\"dataframe\">\n",
       "  <thead>\n",
       "    <tr style=\"text-align: right;\">\n",
       "      <th></th>\n",
       "      <th>pos</th>\n",
       "      <th>flw</th>\n",
       "      <th>flg</th>\n",
       "      <th>bl</th>\n",
       "      <th>pic</th>\n",
       "      <th>lin</th>\n",
       "      <th>cl</th>\n",
       "      <th>cz</th>\n",
       "      <th>ni</th>\n",
       "      <th>erl</th>\n",
       "      <th>erc</th>\n",
       "      <th>lt</th>\n",
       "      <th>hc</th>\n",
       "      <th>pr</th>\n",
       "      <th>fo</th>\n",
       "      <th>cs</th>\n",
       "      <th>pi</th>\n",
       "    </tr>\n",
       "  </thead>\n",
       "  <tbody>\n",
       "    <tr>\n",
       "      <th>pos</th>\n",
       "      <td>1.000000</td>\n",
       "      <td>0.135049</td>\n",
       "      <td>0.061212</td>\n",
       "      <td>0.160135</td>\n",
       "      <td>0.051938</td>\n",
       "      <td>0.169530</td>\n",
       "      <td>0.184861</td>\n",
       "      <td>-0.079381</td>\n",
       "      <td>0.077786</td>\n",
       "      <td>-0.030385</td>\n",
       "      <td>-0.038688</td>\n",
       "      <td>0.029853</td>\n",
       "      <td>0.014968</td>\n",
       "      <td>0.020762</td>\n",
       "      <td>-0.010636</td>\n",
       "      <td>-0.015924</td>\n",
       "      <td>-0.085687</td>\n",
       "    </tr>\n",
       "    <tr>\n",
       "      <th>flw</th>\n",
       "      <td>0.135049</td>\n",
       "      <td>1.000000</td>\n",
       "      <td>0.007297</td>\n",
       "      <td>0.040520</td>\n",
       "      <td>0.010087</td>\n",
       "      <td>0.051048</td>\n",
       "      <td>0.033444</td>\n",
       "      <td>-0.022630</td>\n",
       "      <td>0.025235</td>\n",
       "      <td>-0.006179</td>\n",
       "      <td>-0.008265</td>\n",
       "      <td>0.012076</td>\n",
       "      <td>0.005407</td>\n",
       "      <td>-0.001551</td>\n",
       "      <td>-0.001494</td>\n",
       "      <td>-0.012064</td>\n",
       "      <td>-0.013127</td>\n",
       "    </tr>\n",
       "    <tr>\n",
       "      <th>flg</th>\n",
       "      <td>0.061212</td>\n",
       "      <td>0.007297</td>\n",
       "      <td>1.000000</td>\n",
       "      <td>0.009365</td>\n",
       "      <td>-0.129441</td>\n",
       "      <td>-0.033437</td>\n",
       "      <td>-0.063118</td>\n",
       "      <td>0.166987</td>\n",
       "      <td>-0.077394</td>\n",
       "      <td>0.023733</td>\n",
       "      <td>-0.024267</td>\n",
       "      <td>-0.115437</td>\n",
       "      <td>-0.042087</td>\n",
       "      <td>-0.046642</td>\n",
       "      <td>0.022982</td>\n",
       "      <td>0.229080</td>\n",
       "      <td>-0.084763</td>\n",
       "    </tr>\n",
       "    <tr>\n",
       "      <th>bl</th>\n",
       "      <td>0.160135</td>\n",
       "      <td>0.040520</td>\n",
       "      <td>0.009365</td>\n",
       "      <td>1.000000</td>\n",
       "      <td>0.166268</td>\n",
       "      <td>0.471750</td>\n",
       "      <td>0.350113</td>\n",
       "      <td>-0.272344</td>\n",
       "      <td>0.141115</td>\n",
       "      <td>-0.039509</td>\n",
       "      <td>-0.060438</td>\n",
       "      <td>0.218246</td>\n",
       "      <td>0.160880</td>\n",
       "      <td>-0.027192</td>\n",
       "      <td>0.017702</td>\n",
       "      <td>-0.135914</td>\n",
       "      <td>-0.111549</td>\n",
       "    </tr>\n",
       "    <tr>\n",
       "      <th>pic</th>\n",
       "      <td>0.051938</td>\n",
       "      <td>0.010087</td>\n",
       "      <td>-0.129441</td>\n",
       "      <td>0.166268</td>\n",
       "      <td>1.000000</td>\n",
       "      <td>0.124227</td>\n",
       "      <td>0.119568</td>\n",
       "      <td>0.062627</td>\n",
       "      <td>0.127787</td>\n",
       "      <td>-0.019804</td>\n",
       "      <td>-0.021231</td>\n",
       "      <td>0.127461</td>\n",
       "      <td>0.062906</td>\n",
       "      <td>0.022608</td>\n",
       "      <td>0.001248</td>\n",
       "      <td>-0.264526</td>\n",
       "      <td>0.084405</td>\n",
       "    </tr>\n",
       "    <tr>\n",
       "      <th>lin</th>\n",
       "      <td>0.169530</td>\n",
       "      <td>0.051048</td>\n",
       "      <td>-0.033437</td>\n",
       "      <td>0.471750</td>\n",
       "      <td>0.124227</td>\n",
       "      <td>1.000000</td>\n",
       "      <td>0.300796</td>\n",
       "      <td>-0.239548</td>\n",
       "      <td>0.134877</td>\n",
       "      <td>-0.045439</td>\n",
       "      <td>-0.067379</td>\n",
       "      <td>0.196867</td>\n",
       "      <td>0.093820</td>\n",
       "      <td>-0.039453</td>\n",
       "      <td>-0.009535</td>\n",
       "      <td>-0.096147</td>\n",
       "      <td>-0.096717</td>\n",
       "    </tr>\n",
       "    <tr>\n",
       "      <th>cl</th>\n",
       "      <td>0.184861</td>\n",
       "      <td>0.033444</td>\n",
       "      <td>-0.063118</td>\n",
       "      <td>0.350113</td>\n",
       "      <td>0.119568</td>\n",
       "      <td>0.300796</td>\n",
       "      <td>1.000000</td>\n",
       "      <td>-0.353722</td>\n",
       "      <td>0.109310</td>\n",
       "      <td>-0.039938</td>\n",
       "      <td>-0.050617</td>\n",
       "      <td>0.084010</td>\n",
       "      <td>0.185383</td>\n",
       "      <td>0.207818</td>\n",
       "      <td>0.055534</td>\n",
       "      <td>-0.089811</td>\n",
       "      <td>-0.112708</td>\n",
       "    </tr>\n",
       "    <tr>\n",
       "      <th>cz</th>\n",
       "      <td>-0.079381</td>\n",
       "      <td>-0.022630</td>\n",
       "      <td>0.166987</td>\n",
       "      <td>-0.272344</td>\n",
       "      <td>0.062627</td>\n",
       "      <td>-0.239548</td>\n",
       "      <td>-0.353722</td>\n",
       "      <td>1.000000</td>\n",
       "      <td>-0.125527</td>\n",
       "      <td>0.078084</td>\n",
       "      <td>0.085500</td>\n",
       "      <td>-0.205243</td>\n",
       "      <td>-0.218162</td>\n",
       "      <td>-0.060874</td>\n",
       "      <td>-0.045788</td>\n",
       "      <td>0.320240</td>\n",
       "      <td>0.063316</td>\n",
       "    </tr>\n",
       "    <tr>\n",
       "      <th>ni</th>\n",
       "      <td>0.077786</td>\n",
       "      <td>0.025235</td>\n",
       "      <td>-0.077394</td>\n",
       "      <td>0.141115</td>\n",
       "      <td>0.127787</td>\n",
       "      <td>0.134877</td>\n",
       "      <td>0.109310</td>\n",
       "      <td>-0.125527</td>\n",
       "      <td>1.000000</td>\n",
       "      <td>-0.024201</td>\n",
       "      <td>-0.033442</td>\n",
       "      <td>0.219128</td>\n",
       "      <td>0.048066</td>\n",
       "      <td>-0.023015</td>\n",
       "      <td>-0.007850</td>\n",
       "      <td>-0.240686</td>\n",
       "      <td>0.000521</td>\n",
       "    </tr>\n",
       "    <tr>\n",
       "      <th>erl</th>\n",
       "      <td>-0.030385</td>\n",
       "      <td>-0.006179</td>\n",
       "      <td>0.023733</td>\n",
       "      <td>-0.039509</td>\n",
       "      <td>-0.019804</td>\n",
       "      <td>-0.045439</td>\n",
       "      <td>-0.039938</td>\n",
       "      <td>0.078084</td>\n",
       "      <td>-0.024201</td>\n",
       "      <td>1.000000</td>\n",
       "      <td>0.443567</td>\n",
       "      <td>-0.014675</td>\n",
       "      <td>0.023996</td>\n",
       "      <td>-0.004538</td>\n",
       "      <td>0.034061</td>\n",
       "      <td>-0.031888</td>\n",
       "      <td>0.000753</td>\n",
       "    </tr>\n",
       "    <tr>\n",
       "      <th>erc</th>\n",
       "      <td>-0.038688</td>\n",
       "      <td>-0.008265</td>\n",
       "      <td>-0.024267</td>\n",
       "      <td>-0.060438</td>\n",
       "      <td>-0.021231</td>\n",
       "      <td>-0.067379</td>\n",
       "      <td>-0.050617</td>\n",
       "      <td>0.085500</td>\n",
       "      <td>-0.033442</td>\n",
       "      <td>0.443567</td>\n",
       "      <td>1.000000</td>\n",
       "      <td>-0.016297</td>\n",
       "      <td>0.030942</td>\n",
       "      <td>0.015480</td>\n",
       "      <td>0.031312</td>\n",
       "      <td>-0.065978</td>\n",
       "      <td>0.015197</td>\n",
       "    </tr>\n",
       "    <tr>\n",
       "      <th>lt</th>\n",
       "      <td>0.029853</td>\n",
       "      <td>0.012076</td>\n",
       "      <td>-0.115437</td>\n",
       "      <td>0.218246</td>\n",
       "      <td>0.127461</td>\n",
       "      <td>0.196867</td>\n",
       "      <td>0.084010</td>\n",
       "      <td>-0.205243</td>\n",
       "      <td>0.219128</td>\n",
       "      <td>-0.014675</td>\n",
       "      <td>-0.016297</td>\n",
       "      <td>1.000000</td>\n",
       "      <td>0.129435</td>\n",
       "      <td>-0.062454</td>\n",
       "      <td>0.000864</td>\n",
       "      <td>-0.272632</td>\n",
       "      <td>0.067549</td>\n",
       "    </tr>\n",
       "    <tr>\n",
       "      <th>hc</th>\n",
       "      <td>0.014968</td>\n",
       "      <td>0.005407</td>\n",
       "      <td>-0.042087</td>\n",
       "      <td>0.160880</td>\n",
       "      <td>0.062906</td>\n",
       "      <td>0.093820</td>\n",
       "      <td>0.185383</td>\n",
       "      <td>-0.218162</td>\n",
       "      <td>0.048066</td>\n",
       "      <td>0.023996</td>\n",
       "      <td>0.030942</td>\n",
       "      <td>0.129435</td>\n",
       "      <td>1.000000</td>\n",
       "      <td>0.119583</td>\n",
       "      <td>0.336990</td>\n",
       "      <td>-0.149187</td>\n",
       "      <td>0.014938</td>\n",
       "    </tr>\n",
       "    <tr>\n",
       "      <th>pr</th>\n",
       "      <td>0.020762</td>\n",
       "      <td>-0.001551</td>\n",
       "      <td>-0.046642</td>\n",
       "      <td>-0.027192</td>\n",
       "      <td>0.022608</td>\n",
       "      <td>-0.039453</td>\n",
       "      <td>0.207818</td>\n",
       "      <td>-0.060874</td>\n",
       "      <td>-0.023015</td>\n",
       "      <td>-0.004538</td>\n",
       "      <td>0.015480</td>\n",
       "      <td>-0.062454</td>\n",
       "      <td>0.119583</td>\n",
       "      <td>1.000000</td>\n",
       "      <td>0.080195</td>\n",
       "      <td>-0.053694</td>\n",
       "      <td>-0.018384</td>\n",
       "    </tr>\n",
       "    <tr>\n",
       "      <th>fo</th>\n",
       "      <td>-0.010636</td>\n",
       "      <td>-0.001494</td>\n",
       "      <td>0.022982</td>\n",
       "      <td>0.017702</td>\n",
       "      <td>0.001248</td>\n",
       "      <td>-0.009535</td>\n",
       "      <td>0.055534</td>\n",
       "      <td>-0.045788</td>\n",
       "      <td>-0.007850</td>\n",
       "      <td>0.034061</td>\n",
       "      <td>0.031312</td>\n",
       "      <td>0.000864</td>\n",
       "      <td>0.336990</td>\n",
       "      <td>0.080195</td>\n",
       "      <td>1.000000</td>\n",
       "      <td>-0.021608</td>\n",
       "      <td>-0.012204</td>\n",
       "    </tr>\n",
       "    <tr>\n",
       "      <th>cs</th>\n",
       "      <td>-0.015924</td>\n",
       "      <td>-0.012064</td>\n",
       "      <td>0.229080</td>\n",
       "      <td>-0.135914</td>\n",
       "      <td>-0.264526</td>\n",
       "      <td>-0.096147</td>\n",
       "      <td>-0.089811</td>\n",
       "      <td>0.320240</td>\n",
       "      <td>-0.240686</td>\n",
       "      <td>-0.031888</td>\n",
       "      <td>-0.065978</td>\n",
       "      <td>-0.272632</td>\n",
       "      <td>-0.149187</td>\n",
       "      <td>-0.053694</td>\n",
       "      <td>-0.021608</td>\n",
       "      <td>1.000000</td>\n",
       "      <td>-0.143805</td>\n",
       "    </tr>\n",
       "    <tr>\n",
       "      <th>pi</th>\n",
       "      <td>-0.085687</td>\n",
       "      <td>-0.013127</td>\n",
       "      <td>-0.084763</td>\n",
       "      <td>-0.111549</td>\n",
       "      <td>0.084405</td>\n",
       "      <td>-0.096717</td>\n",
       "      <td>-0.112708</td>\n",
       "      <td>0.063316</td>\n",
       "      <td>0.000521</td>\n",
       "      <td>0.000753</td>\n",
       "      <td>0.015197</td>\n",
       "      <td>0.067549</td>\n",
       "      <td>0.014938</td>\n",
       "      <td>-0.018384</td>\n",
       "      <td>-0.012204</td>\n",
       "      <td>-0.143805</td>\n",
       "      <td>1.000000</td>\n",
       "    </tr>\n",
       "  </tbody>\n",
       "</table>\n",
       "</div>"
      ],
      "text/plain": [
       "          pos       flw       flg        bl       pic       lin        cl  \\\n",
       "pos  1.000000  0.135049  0.061212  0.160135  0.051938  0.169530  0.184861   \n",
       "flw  0.135049  1.000000  0.007297  0.040520  0.010087  0.051048  0.033444   \n",
       "flg  0.061212  0.007297  1.000000  0.009365 -0.129441 -0.033437 -0.063118   \n",
       "bl   0.160135  0.040520  0.009365  1.000000  0.166268  0.471750  0.350113   \n",
       "pic  0.051938  0.010087 -0.129441  0.166268  1.000000  0.124227  0.119568   \n",
       "lin  0.169530  0.051048 -0.033437  0.471750  0.124227  1.000000  0.300796   \n",
       "cl   0.184861  0.033444 -0.063118  0.350113  0.119568  0.300796  1.000000   \n",
       "cz  -0.079381 -0.022630  0.166987 -0.272344  0.062627 -0.239548 -0.353722   \n",
       "ni   0.077786  0.025235 -0.077394  0.141115  0.127787  0.134877  0.109310   \n",
       "erl -0.030385 -0.006179  0.023733 -0.039509 -0.019804 -0.045439 -0.039938   \n",
       "erc -0.038688 -0.008265 -0.024267 -0.060438 -0.021231 -0.067379 -0.050617   \n",
       "lt   0.029853  0.012076 -0.115437  0.218246  0.127461  0.196867  0.084010   \n",
       "hc   0.014968  0.005407 -0.042087  0.160880  0.062906  0.093820  0.185383   \n",
       "pr   0.020762 -0.001551 -0.046642 -0.027192  0.022608 -0.039453  0.207818   \n",
       "fo  -0.010636 -0.001494  0.022982  0.017702  0.001248 -0.009535  0.055534   \n",
       "cs  -0.015924 -0.012064  0.229080 -0.135914 -0.264526 -0.096147 -0.089811   \n",
       "pi  -0.085687 -0.013127 -0.084763 -0.111549  0.084405 -0.096717 -0.112708   \n",
       "\n",
       "           cz        ni       erl       erc        lt        hc        pr  \\\n",
       "pos -0.079381  0.077786 -0.030385 -0.038688  0.029853  0.014968  0.020762   \n",
       "flw -0.022630  0.025235 -0.006179 -0.008265  0.012076  0.005407 -0.001551   \n",
       "flg  0.166987 -0.077394  0.023733 -0.024267 -0.115437 -0.042087 -0.046642   \n",
       "bl  -0.272344  0.141115 -0.039509 -0.060438  0.218246  0.160880 -0.027192   \n",
       "pic  0.062627  0.127787 -0.019804 -0.021231  0.127461  0.062906  0.022608   \n",
       "lin -0.239548  0.134877 -0.045439 -0.067379  0.196867  0.093820 -0.039453   \n",
       "cl  -0.353722  0.109310 -0.039938 -0.050617  0.084010  0.185383  0.207818   \n",
       "cz   1.000000 -0.125527  0.078084  0.085500 -0.205243 -0.218162 -0.060874   \n",
       "ni  -0.125527  1.000000 -0.024201 -0.033442  0.219128  0.048066 -0.023015   \n",
       "erl  0.078084 -0.024201  1.000000  0.443567 -0.014675  0.023996 -0.004538   \n",
       "erc  0.085500 -0.033442  0.443567  1.000000 -0.016297  0.030942  0.015480   \n",
       "lt  -0.205243  0.219128 -0.014675 -0.016297  1.000000  0.129435 -0.062454   \n",
       "hc  -0.218162  0.048066  0.023996  0.030942  0.129435  1.000000  0.119583   \n",
       "pr  -0.060874 -0.023015 -0.004538  0.015480 -0.062454  0.119583  1.000000   \n",
       "fo  -0.045788 -0.007850  0.034061  0.031312  0.000864  0.336990  0.080195   \n",
       "cs   0.320240 -0.240686 -0.031888 -0.065978 -0.272632 -0.149187 -0.053694   \n",
       "pi   0.063316  0.000521  0.000753  0.015197  0.067549  0.014938 -0.018384   \n",
       "\n",
       "           fo        cs        pi  \n",
       "pos -0.010636 -0.015924 -0.085687  \n",
       "flw -0.001494 -0.012064 -0.013127  \n",
       "flg  0.022982  0.229080 -0.084763  \n",
       "bl   0.017702 -0.135914 -0.111549  \n",
       "pic  0.001248 -0.264526  0.084405  \n",
       "lin -0.009535 -0.096147 -0.096717  \n",
       "cl   0.055534 -0.089811 -0.112708  \n",
       "cz  -0.045788  0.320240  0.063316  \n",
       "ni  -0.007850 -0.240686  0.000521  \n",
       "erl  0.034061 -0.031888  0.000753  \n",
       "erc  0.031312 -0.065978  0.015197  \n",
       "lt   0.000864 -0.272632  0.067549  \n",
       "hc   0.336990 -0.149187  0.014938  \n",
       "pr   0.080195 -0.053694 -0.018384  \n",
       "fo   1.000000 -0.021608 -0.012204  \n",
       "cs  -0.021608  1.000000 -0.143805  \n",
       "pi  -0.012204 -0.143805  1.000000  "
      ]
     },
     "metadata": {},
     "output_type": "display_data"
    }
   ],
   "source": [
    "#analyze intercorrelation between features\n",
    "display(df.corr())"
   ]
  },
  {
   "cell_type": "code",
   "execution_count": 24,
   "id": "8095de6a-c60c-4890-9983-dadeac748eff",
   "metadata": {},
   "outputs": [
    {
     "data": {
      "text/plain": [
       "<Axes: xlabel='class', ylabel='Count'>"
      ]
     },
     "execution_count": 24,
     "metadata": {},
     "output_type": "execute_result"
    },
    {
     "data": {
